#input file
SolidNum 4
#solid 1
v 16
2 0 1 
6 0 1
8 2 0
8 4 0
6 6 0
5 6 0
5 4 1
6 3 1
5 2 1
3 2 0
2 3 0
3 4 0
3 6 -1
2 6 -1
0 4 0
0 2 0
sweep 2 0 0 1
#solid 2
v 10
2 8 1
8 8 1
8 10 0
6 10 0
6 12 0
8 12 0
8 14 0
2 14 1
0 12 1
0 10 0
inloop 1
inv 5
2 10 0
1 11 1
2 12 1
4 12 0
4 10 0
sweep 2 0 0 1
#solid 3
v 5
0 16 -1
8 16 0
8 21 1
4 23 1
0 21 0
inloop 1
inv 5
2 18 0
6 18 0
6 20 0
4 21 0
2 20 0
sweep 2 0 0 1
#solid 4
v 4
-4 -4 0
12 -4 0
12 27 0
-4 27 0
inloop 5
inv 4
-1 -1 0
9 -1 0
9 24 0
-1 24 0
inv 6
-3 -3.5 0
-2 -2.5 0
-3 -1.5 0
-3.5 -2 0
-3 -2.5 0
-3.5 -3 0
inv 6
-3 24.5 0
-2 25.5 0
-3 26.5 0
-3.5 26 0
-3 25.5 0
-3.5 25 0 
sweep 2 0 0 1
end






